3# 0.5;5;6.5# False;3;-1# False;False;False;False;False;False#
0;0;8;0;-1;-1;-1;-1;-1;100!
0;0;6;0;-1;-1;-1;-1;-1;100!
4;40;492;87;-1;-1;-1;-1;-1;50!
4;120;-290;92;-1;-1;-1;-1;-1;50!
4;300;-310;108;-1;-1;-1;-1;-1;50!
4;220;508;113;-1;-1;-1;-1;-1;50!
3;0;4;2;-1;-1;-1;-1;-1!
2;-1;4;4;-1;-1;-1;-1;-1!
3;-1;4;6;-1;-1;-1;-1;-1!
2;-3;4;8;-1;-1;-1;-1;-1!
3;0;4;10;-1;-1;-1;-1;-1!
2;-2;2;10;-1;-1;-1;-1;-1!
2;-2;0;10;-1;-1;-1;-1;-1!
3;-1;-2;10;-1;-1;-1;-1;-1!
2;-1;-2;8;-1;-1;-1;-1;-1!
3;0;-2;6;-1;-1;-1;-1;-1!
2;1;-2;4;-1;-1;-1;-1;-1!
2;-3;0;4;-1;-1;-1;-1;-1!
2;-3;0;6;-1;-1;-1;-1;-1!
2;-1;2;6;-1;-1;-1;-1;-1!
2;-1;2;4;-1;-1;-1;-1;-1!
4;0;93;791;-1;-1;-1;-1;-1;272!
3;-1;-2;2;-1;-1;-1;-1;-1!
0;0;-4;0;-1;-1;-1;-1;-1;100!
0;0;-6;0;-1;-1;-1;-1;-1;100!
0;0;-8;0;-1;-1;-1;-1;-1;100!
2;1;-10;0;-1;-1;-1;-1;-1!
2;0;-2;0;-1;-1;-1;-1;-1!
2;0;0;0;-1;-1;-1;-1;-1!
2;0;2;0;-1;-1;-1;-1;-1!
2;0;4;0;-1;-1;-1;-1;-1!
2;1;0;2;-1;-1;-1;-1;-1!
2;-1;2;2;-1;-1;-1;-1;-1!
2;1;0;0;-1;-1;-1;-1;-1!
2;-1;2;0;-1;-1;-1;-1;-1!
2;-1;10;0;-1;-1;-1;-1;-1!
13;0;-831;0;-1;-1;-1;-1;-1!
14;0;-140;141;-1;-1;-1;-1;-1!
14;0;198;-12;-1;-1;-1;-1;-1!
14;0;100;902;-1;-1;-1;-1;-1!